186254
184875
183163
183084
182116
181989
181461
179949
179452
176467
176049
175109
175052
173551
172728
167345
164835
164704
164279
161605
160953
160706
159860
158235
154124
154110
153422
152958
151354
151116
150808
148680
148626
148387
147627
146901
144417
143711
143644
143565
143086
142059
141503
141123
140890
140590
139063
138015
136957
135061
134132
134108
133635
131432
131101
129493
129419
128570
127949
127883
127783
127179
125546
125411
124175
123752
123553
123415
123055
121559
121311
121075
120229
120172
120094
119430
117842
117143
116352
116315
115986
114973
114613
114205
114026
113995
113936
113783
113602
112802
112438
111347
111141
110643
109737
109710
109504
108883
108844
108236
108116
108072
107875
107465
107315
107228
107213
106613
106475
105611
105526
104755
104447
104387
104369
104276
104260
103729
102939
102809
102725
102535
101522
101205
100480
100232
99788
99535
99380
98760
98660
98554
98382
98277
98243
97805
97436
97255
96893
96684
95783
94977
94860
94799
94719
94639
94596
94562
94124
93907
93236
93129
92762
92049
91692
91620
91447
91348
91326
91236
91133
90983
90663
90348
90086
90033
89999
89897
89484
89387
88847
88268
88203
88090
88059
87703
87362
87278
87218
87142
86953
86793
86326
86308
86011
85929
85928
85828
85818
85797
85766
85651
85179
84852
84841
84422
84389
84136
83995
83859
83693
83643
83031
82955
82945
82671
82257
81762
81280
81151
80962
80959
80943
80878
80831
80324
80267
80261
80209
80151
80075
79742
79496
79310
78917
78736
78690
78681
78546
78318
78125
77784
77365
76811
76547
76440
76399
76324
76144
76088
75728
75642
75184
75123
75060
74828
74763
74440
73886
73840
73832
73679
73533
73473
73428
73161
72836
72513
72495
72460
72399
72290
72196
71925
71678
71620
71556
71110
70972
70684
70471
70221
70204
70145
70037
69688
69336
69315
69135
69085
68812
68572
68523
68430
68309
68179
68043
67835
67693
67599
67537
67465
67268
67161
67097
66985
66826
66745
66601
66574
66572
66354
66319
66236
65864
65854
65540
65494
65405
65246
65106
64827
64537
64430
64234
64195
63969
63862
63797
63785
63720
63562
63468
63462
63371
63093
63046
62942
62941
62771
62723
62658
62605
62556
62510
62464
62367
62168
62150
62110
62062
61963
61677
61656
61608
61508
61503
61337
61273
61233
60731
60550
60469
60383
60321
60233
60150
60118
59985
59962
59707
59652
59596
59410
59024
58901
58879
58782
58622
58533
58488
58457
58442
58133
57854
57823
57753
57749
57744
57714
57711
57612
57509
56697
56380
56338
56334
56315
56289
56247
56167
56076
55985
55881
55872
55832
55813
55776
55719
55672
55652
55588
55417
55411
55387
55312
55144
54933
54892
54879
54718
54638
54602
54483
54186
54167
54152
54141
54130
54087
54049
53773
53710
53676
53249
53238
53185
53169
52981
52506
52504
52445
52293
52188
52111
51942
51939
51888
51822
51812
51792
51788
51513
51500
51477
51456
51437
51284
51179
51158
51141
51101
51013
50991
50960
50958
50885
50785
50784
50746
50613
50408
50408
50382
50245
50201
50173
50089
50008
49998
49939
49912
49885
49785
49775
49627
49626
49619
49447
49359
49349
49338
49290
49218
49218
49204
49203
49162
49158
48872
48802
48745
48732
48640
48584
48508
48458
48294
48284
48159
48152
48136
47936
47856
47745
47487
47427
47394
47361
47329
47313
47190
47184
47159
47041
47015
47011
47011
46965
46929
46929
46734
46572
46464
46432
46394
46371
46322
46317
46156
46070
45965
45914
45749
45708
45626
45595
45519
45348
45342
45247
45193
45182
45063
45027
45026
44839
44789
44772
44651
44644
44597
44574
44424
44338
44289
44263
44241
44234
44206
44194
44171
44151
44122
44104
43974
43863
43780
43778
43754
43639
43635
43614
43612
43592
43567
43564
43535
43429
43409
43250
43156
43108
42992
42968
42953
42889
42605
42596
42579
42534
42441
42286
42279
42226
42212
42169
42100
42031
42029
42006
42001
41943
41825
41816
41816
41740
41677
41674
41600
41558
41502
41496
41465
41460
41458
41448
41393
41342
41257
41244
41225
41167
41163
41157
41152
41140
41078
41074
41070
40974
40965
40919
40918
40906
40884
40805
40775
40733
40711
40697
40668
40665
40638
40582
40532
40497
40486
40423
40358
40326
40315
40309
40280
40264
40192
40171
39977
39954
39896
39828
39823
39822
39762
39687
39680
39632
39610
39598
39595
39568
39494
39463
39455
39450
39424
39379
39267
39241
39218
39215
39198
39167
39146
39131
39125
39098
39086
39055
39047
39043
39038
38985
38943
38916
38883
38848
38820
38813
38772
38689
38657
38641
38625
38600
38544
38541
38504
38495
38463
38388
38367
38297
38277
38231
38196
38173
38165
38162
38023
37926
37854
37834
37815
37768
37744
37715
37603
37597
37594
37551
37537
37535
37414
37385
37349
37340
37277
37258
37210
37165
37162
37147
37127
37125
36985
36971
36954
36940
36881
36845
36828
36804
36800
36753
36713
36703
36583
36563
36563
36440
36408
36357
36302
36290
36180
36175
36082
36057
35992
35941
35920
35869
35838
35794
35652
35608
35603
35595
35591
35528
35515
35474
35458
35437
35396
35395
35371
35348
35273
35244
35241
35196
35192
35104
35049
35012
34986
34919
34890
34799
34778
34758
34732
34728
34719
34620
34616
34570
34555
34522
34510
34480
34379
34357
34311
34303
34291
34279
34152
34130
34076
34037
34007
33960
33951
33921
33898
33894
33887
33830
33826
33788
33687
33657
33652
33592
33590
33574
33543
33492
33449
33435
33413
33366
33349
33332
33302
33286
33269
33267
33201
33170
33147
33137
33119
33114
33075
33072
33057
32979
32967
32875
32863
32831
32804
32786
32768
32766
32713
32681
32656
32638
32628
32601
32548
32534
32528
32460
32455
32454
32448
32420
32417
32394
32323
32238
32225
32137
32088
32087
32035
32026
32023
32019
32007
31944
31885
31841
31840
31833
31832
31760
31750
31698
31690
31671
31585
31576
31528
31515
31509
31504
31481
31466
31398
31363
31340
31324
31322
31314
31294
31264
31221
31211
31180
31169
31153
31144
31122
31116
31115
31020
31007
30996
30965
30846
30842
30830
30814
30789
30787
30786
30784
30774
30769
30762
30722
30686
30642
30597
30588
30577
30575
30513
30511
30506
30498
30471
30376
30343
30326
30281
30270
30270
30221
30217
30215
30175
30171
30168
30081
30072
30066
30001
29978
29973
29964
29959
29959
29948
29885
29867
29781
29777
29758
29728
29725
29716
29712
29667
29663
29657
29641
29599
29594
29583
29569
29564
29547
29540
29513
29487
29483
29371
29361
29352
29337
29335
29327
29321
29320
29307
29254
29228
29202
29201
29146
29138
29117
29073
29049
29029
28995
28987
28962
28956
28948
28943
28923
28922
28920
28902
28888
28886
28844
28841
28825
28797
28710
28685
28637
28613
28605
28601
28590
28578
28566
28558
28527
28484
28479
28479
28473
28444
28429
28418
28416
28396
28385
28382
28372
28354
28288
28284
28257
28236
28200
28196
28186
28185
28169
28124
28114
28101
28090
28085
28050
28041
28031
28019
28008
27996
27993
27982
27961
27960
27957
27951
27937
27936
27935
27908
27892
27816
27782
27767
27740
27707
27693
27684
27679
27670
27646
27609
27602
27577
27577
27515
27509
27480
27470
27461
27433
27367
27355
27315
27313
27295
27292
27286
27257
27249
27246
27210
27195
27187
27182
27164
27160
27135
27135
27124
27106
27105
27100
27098
27098
27094
27086
27077
27058
27058
27048
27019
26993
26979
26952
26951
26915
26878
26867
26834
26806
26790
26780
26779
26738
26721
26690
26617
26613
26575
26570
26543
26519
26508
26489
26480
26479
26474
26404
26392
26344
26335
26331
26309
26299
26297
26291
26272
26261
26248
26245
26231
26216
26215
26195
26194
26184
26177
26088
26080
26075
26058
26021
26017
25990
25967
25960
25954
25937
25923
25917
25888
25866
25861
25852
25845
25832
25810
25787
25782
25780
25764
25752
25726
25711
25646
25599
25584
25584
25554
25535
25532
25528
25527
25521
25508
25490
25438
25419
25360
25358
25309
25308
25299
25239
25186
25185
25184
25172
25160
25154
25129
25092
25086
25056
25052
25045
25040
25013
25009
24987
24922
24882
24872
24855
24852
24836
24826
24791
24790
24788
24786
24779
24775
24769
24767
24738
24712
24695
24680
24671
24656
24632
24628
24598
24591
24589
24558
24535
24530
24511
24491
24475
24455
24424
24421
24412
24412
24399
24343
24334
24297
24289
24276
24263
24204
24203
24201
24190
24151
24139
24134
24126
24102
24097
24089
24065
24046
24043
24015
23982
23973
23969
23967
23964
23882
23865
23859
23855
23797
23797
23797
23771
23753
23726
23716
23694
23668
23620
23596
23567
23562
23562
23562
23551
23541
23532
23530
23524
23508
23505
23490
23487
23484
23480
23441
23409
23387
23381
23364
23312
23301
23295
23293
23282
23215
23200
23188
23184
23184
23169
23169
23164
23124
23123
23087
23079
23066
23055
23050
23022
23005
23004
22999
22990
22982
22965
22924
22873
22860
22813
22807
22800
22789
22778
22750
22742
22682
22673
22645
22641
22635
22601
22597
22578
22564
22551
22522
22512
22508
22506
22505
22504
22503
22498
22497
22495
22485
22476
22461
22450
22441
22430
22420
22419
22367
22327
22323
22313
22312
22307
22306
22305
22297
22288
22287
22286
22282
22226
22206
22204
22191
22180
22176
22174
22159
22146
22117
22074
22062
22036
22025
22010
21985
21980
21964
21961
21952
21947
21936
21930
21917
21912
21887
21877
21868
21848
21847
21847
21834
21786
21772
21767
21757
21756
21754
21751
21738
21734
21731
21723
21713
21687
21673
21669
21650
21644
21643
21630
21602
21589
21581
21562
21557
21549
21545
21531
21509
21440
21439
21437
21435
21433
21423
21417
21412
21405
21394
21389
21389
21371
21370
21363
21336
21307
21302
21293
21273
21257
21254
21252
21223
21205
21173
21160
21155
21137
21104
21092
21086
21064
21044
21040
21040
21038
21013
20994
20951
20943
20920
20919
20881
20851
20839
20829
20819
20796
20783
20768
20741
20739
20731
20723
20721
20706
20695
20689
20683
20682
20663
20636
20633
20628
20620
20609
20608
20599
20580
20572
20568
20566
20563
20552
20542
20516
20505
20486
20478
20477
20464
20443
20440
20431
20391
20383
20379
20377
20375
20368
20366
20365
20359
20352
20340
20337
20318
20309
20290
20289
20285
20278
20250
20240
20232
20228
20200
20187
20182
20181
20156
20142
20124
20114
20094
20092
20089
20083
20082
20068
20065
20045
20042
20012
20009
19997
19997
19983
19965
19956
19955
19943
19929
19925
19913
19913
19906
19894
19890
19881
19867
19851
19832
19821
19817
19811
19798
19782
19766
19750
19742
19712
19698
19684
19682
19656
19639
19630
19618
19613
19609
19605
19597
19590
19587
19581
19578
19536
19535
19514
19503
19471
19463
19463
19452
19446
19443
19424
19422
19413
19376
19360
19352
19323
19284
19274
19272
19265
19238
19235
19228
19226
19221
19206
19203
19180
19177
19173
19166
19163
19160
19140
19137
19133
19113
19112
19100
19081
19081
19072
19069
19068
19042
19040
19022
19017
19003
18995
18986
18968
18960
18947
18939
18925
18906
18901
18892
18876
18870
18861
18836
18811
18801
18792
18782
18780
18775
18767
18720
18719
18691
18685
18680
18658
18655
18640
18630
18625
18624
18610
18608
18605
18587
18583
18577
18559
18550
18522
18516
18487
18476
18469
18469
18464
18434
18433
18413
18406
18396
18383
18373
18371
18349
18345
18336
18318
18313
18308
18302
18285
18282
18280
18274
18255
18254
18249
18248
18247
18243
18241
18241
18240
18238
18229
18219
18216
18212
18206
18183
18150
18143
18143
18132
18127
18126
18121
18110
18097
18096
18092
18091
18088
18084
18084
18081
18047
18028
18013
18004
18000
17988
17968
17967
17943
17940
17938
17933
17931
17929
17928
17898
17897
17896
17866
17863
17859
17853
17823
17821
17820
17804
17788
17785
17783
17765
17745
17736
17730
17724
17717
17715
17699
17688
17688
17677
17669
17661
17644
17632
17632
17620
17616
17597
17590
17582
17563
17557
17557
17551
17539
17535
17535
17526
17521
17507
17498
17491
17469
17465
17461
17461
17459
17428
17425
17411
17385
17372
17364
17363
17332
17330
17328
17301
17300
17287
17282
17280
17271
17259
17257
17253
17245
17202
17194
17177
17154
17146
17141
17137
17131
17121
17120
17108
17105
17093
17075
17068
17051
17050
17030
17027
17021
17017
17015
16997
16996
16994
16990
16979
16957
16950
16946
16946
16911
16909
16903
16886
16866
16858
16841
16841
16836
16835
16821
16815
16811
16809
16803
16800
16797
16794
16793
16787
16781
16769
16757
16749
16749
16743
16741
16707
16705
16691
16682
16674
16662
16643
16626
16624
16617
16615
16611
16583
16576
16566
16565
16561
16558
16548
16543
16524
16506
16493
16480
16475
16473
16450
16446
16438
16435
16373
16373
16366
16363
16362
16345
16323
16322
16320
16309
16309
16307
16306
16289
16281
16267
16261
16260
16254
16245
16243
16242
16237
16229
16229
16225
16206
16195
16190
16186
16183
16170
16168
16167
16163
16152
16144
16142
16125
16115
16113
16110
16098
16095
16094
16088
16073
16069
16068
16064
16057
16045
16039
16038
16012
16011
16006
15992
15986
15985
15985
15958
15957
15956
15949
15937
15936
15927
15920
15909
15907
15906
15892
15883
15882
15881
15878
15875
15839
15835
15828
15825
15820
15811
15801
15783
15778
15742
15741
15732
15727
15727
15724
15714
15713
15688
15682
15680
15679
15674
15660
15656
15655
15639
15637
15636
15635
15629
15626
15624
15618
15609
15604
15604
15598
15578
15575
15572
15567
15566
15558
15553
15541
15525
15524
15523
15521
15517
15511
15509
15509
15482
15480
15471
15471
15471
15469
15466
15464
15449
15443
15442
15441
15412
15404
15404
15402
15395
15392
15390
15389
15387
15369
15367
15358
15357
15356
15350
15343
15342
15341
15339
15334
15332
15327
15322
15309
15297
15284
15284
15283
15281
15258
15258
15257
15247
15245
15243
15243
15228
15199
15199
15196
15192
15191
15190
15184
15183
15160
15148
15140
15137
15129
15124
15116
15112
15108
15106
15105
15094
15090
15087
15076
15076
15074
15070
15060
15059
15048
15041
15037
15036
15034
15025
15022
15022
15016
15006
15004
14985
14980
14976
14970
14964
14949
14940
14936
14919
14908
14901
14892
14883
14880
14875
14863
14861
14848
14846
14844
14841
14833
14823
14819
14814
14803
14796
14780
14779
14777
14774
14771
14757
14734
14732
14721
14715
14708
14702
14697
14687
14687
14685
14681
14679
14661
14655
14655
14646
14639
14620
14618
14616
14602
14584
14583
14573
14572
14566
14563
14553
14549
14546
14543
14531
14509
14508
14506
14503
14490
14471
14462
14446
14444
14442
14440
14434
14428
14423
14421
14417
14415
14411
14404
14385
14382
14375
14373
14373
14372
14366
14364
14362
14354
14354
14351
14345
14342
14335
14323
14320
14301
14298
14293
14284
14283
14282
14277
14276
14262
14251
14242
14239
14222
14214
14206
14201
14192
14188
14183
14171
14164
14163
14143
14131
14130
14124
14122
14121
14112
14108
14108
14099
14089
14088
14086
14080
14065
14064
14063
14061
14057
14044
14044
14043
14043
14041
14037
14027
14027
14023
14017
14014
14001
13998
13993
13989
13984
13981
13979
13964
13959
13958
13955
13949
13938
13935
13934
13934
13933
13932
13929
13929
13914
13908
13907
13904
13901
13895
13886
13885
13883
13871
13866
13864
13860
13857
13854
13847
13845
13841
13837
13833
13827
13826
13826
13820
13820
13818
13806
13796
13794
13793
13792
13773
13771
13768
13768
13766
13755
13753
13747
13745
13739
13732
13728
13728
13725
13722
13721
13697
13685
13680
13679
13670
13667
13665
13664
13658
13654
13642
13642
13639
13634
13632
13627
13623
13617
13614
13610
13610
13605
13605
13601
13601
13592
13577
13569
13567
13565
13559
13557
13555
13553
13547
13543
13540
13536
13531
13530
13529
13529
13526
13518
13517
13515
13514
13513
13512
13503
13503
13502
13499
13495
13480
13470
13466
13450
13450
13443
13440
13440
13431
13430
13414
13412
13399
13391
13388
13381
13374
13372
13369
13361
13357
13353
13352
13340
13318
13312
13309
13303
13290
13285
13278
13276
13270
13269
13264
13252
13247
13243
13242
13234
13233
13232
13231
13215
13214
13212
13210
13208
13194
13180
13158
13155
13147
13144
13133
13130
13124
13122
13107
13097
13095
13094
13074
13066
13056
13037
13033
13031
13029
13027
13017
13017
13013
13007
12993
12992
12991
12991
12989
12987
12986
12983
12981
12977
12973
12967
12966
12961
12944
12935
12926
12924
12921
12920
12905
12905
12899
12898
12896
12891
12882
12874
12870
12865
12849
12837
12828
12824
12819
12812
12805
12800
12798
12796
12794
12792
12792
12787
12782
12770
12763
12761
12758
12758
12748
12746
12741
12734
12733
12730
12729
12726
12718
12717
12715
12713
12710
12705
12705
12705
12703
12702
12693
12692
12691
12690
12687
12682
12670
12659
12656
12652
12652
12652
12647
12647
12641
12639
12639
12638
12630
12626
12626
12621
12616
12614
12605
12605
12599
12586
12584
12579
12579
12579
12574
12552
12547
12543
12526
12525
12517
12515
12511
12510
12509
12507
12505
12502
12499
12495
12494
12488
12488
12480
12462
12455
12455
12452
12450
12440
12439
12437
12435
12425
12406
12404
12404
12400
12398
12386
12376
12375
12371
12358
12356
12354
12352
12348
12347
12342
12338
12337
12335
12333
12333
12329
12326
12326
12320
12317
12312
12307
12304
12300
12300
12296
12295
12295
12291
12291
12283
12276
12276
12274
12270
12269
12266
12265
12262
12246
12228
12219
12209
12208
12196
12183
12182
12179
12172
12156
12148
12144
12138
12134
12131
12130
12128
12116
12110
12098
12091
12088
12085
12083
12079
12065
12060
12060
12059
12058
12051
12050
12049
12039
12037
12034
12023
12014
12013
12012
12010
12007
12005
11998
11988
11980
11972
11970
11966
11963
11961
11961
11960
11958
11956
11954
11948
11945
11942
11939
11932
11930
11930
11927
11924
11922
11920
11919
11919
11910
11909
11903
11903
11902
11899
11894
11893
11892
11891
11882
11870
11870
11869
11861
11853
11852
11851
11850
11849
11844
11842
11839
11830
11824
11823
11822
11815
11813
11807
11805
11802
11802
11800
11796
11793
11777
11776
11775
11771
11769
11767
11766
11764
11763
11761
11758
11747
11746
11737
11734
11731
11730
11728
11728
11725
11711
11706
11701
11691
11689
11688
11687
11686
11670
11657
11652
11651
11647
11647
11643
11639
11638
11635
11627
11625
11624
11618
11618
11615
11593
11593
11588
11588
11582
11581
11581
11576
11575
11572
11569
11567
11562
11560
11559
11558
11555
11549
11548
11547
11532
11526
11521
11520
11518
11515
11508
11505
11495
11494
11494
11487
11486
11483
11476
11474
11464
11462
11458
11452
11452
11441
11439
11438
11438
11435
11430
11420
11413
11412
11411
11409
11409
11405
11399
11396
11393
11392
11392
11378
11376
11374
11354
11348
11346
11346
11332
11328
11327
11326
11324
11321
11319
11315
11307
11305
11303
11303
11296
11292
11290
11284
11283
11280
11279
11278
11275
11273
11269
11267
11261
11256
11254
11246
11241
11237
11220
11219
11215
11215
11211
11208
11207
11206
11194
11191
11181
11178
11176
11176
11176
11175
11164
11161
11157
11150
11149
11149
11148
11147
11145
11137
11132
11129
11129
11128
11125
11112
11111
11100
11080
11079
11068
11068
11053
11053
11052
11044
11039
11037
11034
11031
11027
11026
11024
11024
11022
11016
11015
11012
11009
11008
11003
11001
10999
10999
10996
10993
10977
10972
10972
10968
10966
10956
10948
10947
10940
10935
10932
10932
10916
10914
10912
10908
10908
10906
10904
10900
10899
10898
10893
10890
10889
10888
10888
10887
10881
10880
10877
10871
10871
10870
10867
10865
10864
10862
10861
10859
10857
10856
10843
10840
10837
10835
10834
10834
10832
10832
10825
10825
10822
10821
10820
10819
10818
10811
10807
10803
10799
10794
10793
10790
10788
10786
10777
10775
10771
10771
10761
10759
10758
10757
10752
10751
10751
10751
10746
10740
10739
10738
10733
10733
10732
10727
10721
10719
10712
10711
10709
10707
10701
10701
10699
10699
10694
10688
10686
10678
10677
10676
10672
10670
10668
10666
10666
10664
10664
10660
10651
10650
10649
10643
10629
10624
10619
10614
10610
10608
10607
10605
10603
10602
10598
10598
10597
10596
10590
10590
10588
10574
10574
10572
10554
10548
10544
10540
10540
10535
10532
10528
10528
10526
10525
10518
10510
10508
10507
10504
10499
10498
10493
10492
10490
10477
10475
10475
10469
10463
10461
10457
10456
10455
10450
10443
10443
10441
10440
10432
10430
10430
10427
10415
10398
10393
10391
10389
10389
10384
10379
10376
10375
10371
10362
10362
10339
10338
10331
10328
10324
10322
10320
10320
10319
10318
10318
10317
10316
10315
10312
10312
10308
10296
10289
10283
10282
10280
10278
10278
10277
10276
10275
10273
10272
10271
10270
10267
10261
10260
10257
10252
10250
10249
10247
10244
10244
10242
10242
10230
10224
10224
10223
10223
10222
10221
10221
10220
10220
10211
10207
10206
10206
10205
10201
10201
10200
10196
10193
10193
10191
10181
10180
10178
10176
10174
10170
10169
10163
10161
10153
10153
10153
10150
10149
10147
10141
10140
10136
10135
10131
10130
10129
10124
10124
10124
10121
10120
10106
10101
10101
10098
10095
10093
10089
10088
10088
10087
10082
10081
10080
10078
10077
10076
10075
10064
10064
10063
10062
10062
10059
10057
10054
10050
10050
10047
10046
10045
10043
10042
10039
10033
10026
10026
10023
10014
10013
10012
10012
10011
10004
10000
9999
9997
9997
9996
9996
9995
9988
9986
9974
9969
9968
9962
9960
9958
9957
9955
9952
9950
9948
9943
9933
9931
9924
9921
9908
9905
9901
9901
9899
9896
9895
9894
9886
9873
9870
9868
9867
9860
9858
9854
9843
9839
9837
9833
9828
9828
9825
9825
9824
9823
9821
9821
9819
9819
9819
9816
9813
9812
9811
9810
9805
9802
9795
9787
9786
9784
9768
9756
9754
9743
9742
9741
9735
9733
9727
9727
9726
9720
9720
9717
9715
9714
9712
9711
9694
9691
9688
9688
9679
9675
9675
9673
9672
9664
9663
9657
9657
9657
9656
9651
9643
9639
9636
9625
9621
9615
9615
9614
9613
9612
9607
9606
9602
9600
9596
9596
9596
9596
9595
9593
9592
9592
9590
9583
9582
9576
9571
9564
9562
9558
9554
9552
9551
9546
9546
9545
9544
9542
9541
9539
9537
9535
9534
9531
9530
9527
9518
9517
9514
9514
9505
9504
9502
9497
9496
9492
9487
9486
9485
9481
9479
9479
9479
9479
9478
9477
9476
9473
9471
9471
9460
9459
9453
9451
9438
9437
9426
9426
9424
9409
9409
9405
9403
9401
9396
9394
9394
9388
9386
9384
9384
9384
9382
9380
9373
9370
9369
9365
9360
9358
9357
9354
9350
9348
9342
9339
9338
9338
9337
9337
9336
9334
9331
9327
9324
9323
9323
9320
9318
9318
9317
9317
9315
9308
9305
9305
9301
9300
9297
9294
9294
9292
9292
9289
9289
9281
9279
9278
9277
9273
9269
9269
9263
9262
9261
9257
9256
9248
9238
9237
9225
9223
9223
9221
9220
9219
9216
9216
9216
9215
9213
9208
9207
9204
9203
9201
9201
9196
9196
9193
9191
9191
9187
9185
9184
9181
9180
9179
9178
9174
9172
9172
9164
9161
9161
9160
9158
9157
9156
9155
9152
9150
9149
9148
9146
9146
9146
9136
9135
9134
9134
9133
9128
9127
9127
9127
9117
9116
9115
9114
9112
9111
9110
9109
9103
9102
9101
9094
9093
9093
9091
9091
9088
9083
9081
9079
9078
9077
9072
9070
9069
9069
9065
9063
9062
9061
9061
9057
9056
9052
9050
9049
9048
9046
9046
9044
9042
9042
9039
9038
9033
9029
9029
9023
9023
9022
9021
9020
9018
9017
9016
9016
9010
9009
9007
9003
9000
9000
8999
8997
8995
8995
8994
8988
8988
8987
8985
8985
8978
8967
8964
8962
8961
8960
8957
8956
8955
8955
8950
8945
8943
8935
8935
8932
8926
8919
8918
8916
8913
8906
8906
8905
8903
8903
8902
8901
8897
8896
8895
8895
8893
8886
8884
8879
8878
8878
8877
8872
8870
8867
8861
8856
8848
8846
8841
8841
8838
8837
8835
8834
8834
8833
8817
8817
8817
8816
8813
8812
8807
8807
8804
8802
8802
8801
8800
8800
8799
8793
8793
8791
8791
8788
8779
8778
8777
8776
8776
8773
8772
8770
8766
8763
8762
8760
8760
8759
8754
8754
8753
8747
8747
8746
8745
8738
8737
8736
8736
8732
8732
8732
8730
8727
8726
8726
8724
8719
8717
8716
8715
8713
8712
8711
8708
8706
8700
8699
8697
8697
8693
8689
8687
8685
8679
8679
8676
8675
8665
8660
8658
8657
8657
8657
8654
8650
8650
8649
8648
8647
8646
8644
8642
8636
8636
8635
8633
8632
8631
8631
8629
8627
8625
8625
8624
8623
8622
8622
8619
8614
8613
8612
8611
8610
8609
8608
8607
8607
8605
8605
8603
8602
8598
8595
8594
8593
8590
8586
8586
8582
8582
8579
8577
8575
8575
8571
8571
8568
8568
8567
8566
8564
8562
8558
8556
8556
8556
8555
8553
8551
8550
8548
8546
8546
8538
8538
8529
8522
8521
8519
8519
8517
8517
8516
8515
8515
8512
8512
8509
8507
8500
8500
8499
8499
8497
8495
8486
8482
8481
8477
8473
8470
8466
8464
8463
8462
8460
8460
8458
8457
8454
8453
8446
8445
8440
8435
8433
8429
8426
8426
8424
8419
8414
8413
8412
8409
8408
8406
8406
8406
8405
8398
8397
8390
8389
8388
8388
8388
8385
8385
8382
8381
8378
8373
8368
8367
8366
8364
8363
8359
8357
8356
8355
8353
8351
8351
8351
8344
8344
8341
8336
8328
8328
8325
8324
8323
8322
8319
8319
8319
8318
8312
8308
8307
8304
8303
8301
8299
8298
8295
8294
8288
8287
8284
8284
8284
8283
8275
8272
8270
8268
8266
8263
8261
8260
8257
8256
8252
8251
8249
8249
8243
8243
8242
8239
8237
8236
8234
8232
8231
8229
8228
8225
8224
8223
8223
8217
8214
8213
8210
8209
8208
8207
8207
8205
8204
8201
8197
8197
8197
8195
8191
8191
8191
8184
8182
8181
8176
8175
8175
8172
8171
8171
8168
8167
8165
8163
8161
8157
8156
8154
8154
8153
8152
8151
8148
8145
8143
8141
8136
8131
8131
8130
8130
8128
8126
8125
8122
8120
8119
8117
8114
8112
8111
8110
8105
8104
8103
8097
8096
8094
8093
8092
8087
8085
8085
8084
8083
8079
8078
8076
8075
8075
8073
8072
8070
8069
8069
8068
8068
8067
8066
8064
8059
8055
8053
8053
8052
8050
8047
8046
8043
8042
8042
8041
8039
8038
8031
8030
8026
8025
8025
8023
8018
8018
8017
8015
8012
8012
8011
8011
8011
8010
8005
8004
8003
8000
7998
7998
7998
7993
7992
7986
7985
7984
7978
7975
7974
7969
7967
7967
7965
7958
7957
7956
7954
7953
7950
7948
7947
7946
7941
7941
7939
7938
7930
7930
7928
7928
7923
7920
7920
7920
7919
7917
7916
7916
7914
7908
7906
7903
7903
7903
7900
7897
7896
7896
7894
7893
7892
7887
7887
7886
7884
7882
7880
7871
7870
7867
7867
7864
7858
7855
7854
7851
7851
7850
7848
7846
7846
7844
7840
7839
7839
7838
7838
7836
7836
7834
7833
7832
7825
7821
7819
7815
7814
7812
7809
7809
7808
7804
7795
7793
7791
7790
7789
7789
7787
7781
7780
7780
7779
7778
7778
7777
7775
7773
7773
7773
7770
7770
7765
7764
7764
7763
7762
7760
7759
7757
7756
7755
7753
7753
7751
7749
7749
7749
7748
7746
7745
7742
7739
7737
7736
7734
7732
7732
7729
7729
7729
7728
7728
7728
7722
7720
7720
7720
7718
7717
7715
7712
7711
7710
7710
7710
7706
7705
7704
7697
7696
7696
7693
7693
7691
7683
7682
7681
7680
7675
7675
7671
7671
7671
7670
7669
7668
7667
7666
7666
7665
7659
7659
7659
7658
7657
7657
7655
7654
7654
7650
7650
7650
7647
7645
7645
7643
7643
7641
7640
7638
7637
7636
7632
7629
7621
7621
7620
7612
7611
7610
7610
7609
7608
7608
7606
7606
7605
7598
7596
7595
7594
7594
7592
7591
7591
7590
7589
7580
7578
7577
7576
7572
7570
7568
7566
7563
7562
7558
7553
7553
7550
7547
7545
7542
7542
7542
7541
7538
7538
7530
7527
7527
7526
7525
7523
7519
7519
7518
7518
7518
7514
7513
7508
7508
7506
7505
7504
7504
7503
7503
7503
7499
7498
7498
7497
7496
7496
7492
7491
7491
7491
7489
7489
7488
7486
7485
7485
7484
7481
7480
7479
7479
7477
7474
7474
7473
7470
7469
7467
7467
7465
7464
7460
7460
7458
7455
7454
7453
7451
7450
7450
7448
7445
7445
7445
7444
7443
7442
7438
7431
7431
7429
7428
7427
7426
7425
7425
7423
7422
7417
7414
7408
7408
7406
7402
7400
7399
7398
7396
7395
7395
7394
7392
7391
7387
7384
7384
7383
7382
7382
7381
7380
7380
7380
7378
7376
7374
7372
7372
7370
7367
7366
7365
7365
7361
7359
7358
7358
7357
7356
7355
7351
7351
7350
7348
7348
7347
7347
7347
7344
7342
7340
7338
7336
7334
7332
7331
7329
7326
7324
7323
7322
7322
7322
7321
7319
7318
7315
7315
7313
7310
7310
7305
7304
7304
7303
7302
7297
7296
7295
7295
7293
7292
7292
7290
7288
7288
7288
7287
7284
7281
7280
7279
7279
7278
7277
7277
7274
7272
7272
7269
7266
7266
7266
7265
7262
7261
7260
7259
7258
7257
7257
7256
7255
7254
7254
7253
7247
7246
7243
7243
7238
7236
7235
7234
7233
7232
7232
7231
7230
7230
7225
7223
7223
7220
7218
7218
7215
7215
7214
7211
7211
7210
7210
7209
7201
7199
7197
7197
7197
7196
7195
7195
7191
7190
7189
7189
7189
7186
7186
7183
7181
7181
7180
7177
7176
7173
7173
7170
7166
7166
7164
7163
7161
7156
7155
7154
7150
7150
7149
7148
7142
7140
7139
7138
7138
7136
7135
7134
7131
7130
7124
7120
7118
7117
7116
7116
7113
7112
7111
7111
7108
7106
7106
7104
7103
7103
7101
7100
7100
7099
7099
7099
7095
7094
7094
7093
7093
7089
7089
7083
7083
7082
7081
7080
7080
7079
7076
7076
7074
7073
7071
7071
7070
7069
7067
7066
7065
7065
7065
7064
7063
7062
7061
7060
7059
7058
7056
7053
7053
7053
7050
7050
7048
7044
7038
7036
7036
7032
7026
7026
7021
7021
7020
7016
7014
7012
7010
7008
7008
7008
7008
7006
7002
7002
7000
7000
6999
6996
6991
6990
6987
6983
6981
6980
6977
6977
6975
6974
6970
6969
6965
6964
6962
6962
6959
6958
6957
6956
6956
6955
6954
6952
6951
6950
6949
6947
6944
6938
6934
6932
6931
6930
6930
6930
6929
6927
6926
6924
6923
6922
6919
6918
6917
6916
6915
6914
6912
6911
6910
6910
6905
6905
6904
6903
6902
6901
6897
6897
6897
6893
6891
6888
6887
6885
6883
6876
6876
6876
6874
6874
6874
6872
6871
6868
6866
6865
6864
6863
6861
6860
6860
6858
6857
6857
6854
6854
6853
6852
6851
6850
6850
6849
6848
6844
6842
6842
6841
6839
6839
6838
6836
6836
6834
6832
6831
6830
6829
6829
6828
6824
6824
6821
6819
6818
6816
6813
6812
6808
6807
6804
6804
6799
6798
6798
6795
6794
6793
6792
6788
6787
6787
6787
6785
6785
6783
6781
6776
6774
6772
6772
6770
6770
6766
6766
6766
6762
6762
6761
6761
6760
6760
6755
6754
6752
6752
6750
6749
6748
6746
6745
6745
6744
6741
6739
6733
6732
6726
6726
6725
6724
6720
6719
6718
6716
6716
6715
6715
6714
6714
6712
6712
6710
6710
6708
6707
6705
6704
6704
6700
6698
6698
6697
6696
6695
6694
6693
6689
6688
6688
6684
6684
6681
6681
6679
6670
6669
6668
6667
6666
6665
6662
6659
6658
6658
6657
6657
6656
6655
6652
6651
6651
6649
6648
6642
6642
6641
6641
6640
6640
6640
6637
6635
6635
6634
6632
6631
6630
6630
6629
6629
6629
6628
6626
6626
6624
6622
6621
6619
6617
6616
6616
6616
6613
6613
6612
6608
6607
6606
6605
6604
6602
6602
6600
6597
6597
6594
6593
6588
6588
6586
6585
6585
6584
6583
6581
6578
6577
6576
6576
6576
6574
6571
6570
6570
6569
6567
6565
6564
6563
6562
6562
6561
6560
6560
6559
6558
6558
6555
6551
6551
6550
6547
6541
6540
6540
6538
6537
6536
6536
6536
6536
6533
6531
6528
6527
6523
6523
6522
6519
6519
6516
6513
6512
6511
6511
6510
6509
6508
6507
6506
6505
6502
6501
6497
6495
6492
6492
6491
6491
6485
6485
6484
6484
6482
6481
6481
6480
6480
6477
6476
6476
6472
6471
6470
6468
6467
6467
6466
6462
6461
6460
6459
6458
6456
6456
6454
6453
6452
6450
6449
6448
6448
6447
6443
6443
6442
6442
6441
6441
6441
6441
6440
6436
6436
6435
6434
6434
6433
6432
6432
6431
6431
6431
6430
6430
6427
6426
6424
6421
6419
6418
6417
6417
6416
6413
6413
6412
6411
6409
6409
6405
6404
6404
6403
6403
6401
6399
6399
6396
6395
6390
6389
6388
6387
6387
6384
6383
6383
6382
6381
6380
6380
6377
6376
6375
6374
6370
6365
6362
6362
6361
6361
6360
6357
6356
6355
6355
6354
6353
6348
6348
6344
6343
6340
6338
6334
6333
6333
6332
6325
6325
6322
6320
6319
6319
6319
6317
6316
6315
6313
6312
6312
6311
6310
6308
6307
6305
6304
6304
6303
6302
6302
6301
6299
6299
6299
6298
6296
6296
6296
6295
6295
6295
6294
6292
6292
6290
6289
6288
6284
6284
6284
6283
6282
6282
6280
6279
6277
6276
6275
6274
6272
6272
6272
6272
6271
6270
6267
6267
6264
6263
6262
6262
6261
6259
6259
6258
6258
6257
6256
6254
6254
6253
6252
6251
6251
6251
6250
6250
6249
6248
6248
6245
6244
6243
6242
6241
6241
6241
6240
6239
6239
6237
6237
6236
6236
6234
6233
6232
6232
6232
6229
6228
6228
6227
6225
6224
6224
6224
6223
6221
6220
6219
6216
6216
6214
6213
6212
6212
6210
6210
6209
6208
6207
6205
6205
6203
6200
6200
6198
6197
6195
6191
6190
6189
6189
6189
6188
6188
6185
6183
6182
6181
6181
6179
6177
6177
6177
6174
6174
6172
6171
6168
6168
6166
6162
6160
6158
6158
6158
6157
6157
6157
6155
6154
6153
6152
6151
6149
6147
6147
6146
6146
6145
6145
6143
6142
6139
6137
6135
6134
6134
6132
6131
6130
6128
6126
6126
6124
6119
6117
6116
6116
6114
6113
6110
6110
6110
6108
6105
6101
6100
6099
6098
6097
6096
6094
6094
6092
6091
6091
6091
6088
6088
6087
6087
6086
6086
6084
6084
6081
6081
6080
6080
6079
6079
6078
6078
6077
6076
6074
6074
6072
6072
6071
6071
6070
6069
6068
6068
6066
6064
6064
6064
6063
6063
6059
6058
6057
6056
6051
6050
6050
6049
6047
6047
6044
6044
6043
6042
6041
6040
6038
6038
6038
6037
6036
6034
6031
6031
6030
6030
6030
6025
6022
6019
6019
6018
6017
6017
6015
6015
6014
6012
6012
6012
6011
6010
6009
6006
6003
6002
6000
5999
5999
5999
5999
5998
5998
5997
5995
5994
5994
5993
5993
5991
5990
5989
5988
5988
5986
5985
5985
5984
5982
5980
5979
5979
5977
5977
5974
5973
5973
5972
5972
5971
5971
5970
5970
5968
5968
5965
5963
5961
5958
5957
5956
5956
5954
5954
5952
5951
5951
5950
5950
5948
5947
5947
5945
5945
5944
5944
5943
5942
5938
5936
5936
5936
5936
5935
5934
5933
5933
5932
5932
5931
5929
5928
5928
5926
5925
5924
5924
5922
5921
5921
5921
5920
5919
5919
5918
5917
5914
5913
5913
5913
5911
5911
5910
5909
5909
5909
5909
5908
5908
5908
5908
5908
5908
5906
5906
5906
5905
5902
5902
5901
5901
5900
5895
5895
5894
5894
5893
5892
5892
5891
5890
5890
5888
5888
5885
5885
5883
5882
5882
5881
5880
5880
5879
5879
5878
5875
5873
5872
5872
5871
5867
5865
5865
5864
5863
5862
5862
5860
5860
5860
5860
5859
5855
5852
5851
5849
5849
5848
5848
5847
5843
5840
5839
5838
5836
5836
5835
5835
5833
5833
5832
5831
5827
5823
5821
5820
5818
5817
5816
5815
5814
5814
5814
5811
5810
5807
5807
5799
5798
5797
5797
5796
5796
5794
5794
5793
5793
5793
5793
5793
5792
5792
5792
5792
5791
5790
5789
5789
5788
5786
5784
5783
5782
5782
5781
5781
5780
5779
5778
5778
5776
5775
5771
5769
5769
5767
5767
5766
5766
5762
5761
5760
5759
5759
5758
5755
5754
5752
5752
5752
5752
5751
5750
5749
5749
5746
5745
5745
5745
5744
5744
5744
5744
5743
5743
5743
5743
5740
5739
5738
5738
5736
5735
5731
5730
5729
5727
5726
5724
5724
5724
5723
5723
5722
5720
5718
5718
5716
5716
5714
5714
5712
5706
5706
5704
5703
5701
5700
5700
5698
5697
5697
5697
5697
5696
5696
5693
5692
5690
5689
5688
5688
5688
5686
5683
5681
5681
5680
5679
5679
5677
5676
5675
5672
5672
5670
5666
5664
5662
5662
5661
5661
5660
5658
5657
5657
5657
5656
5654
5650
5650
5649
5648
5645
5642
5640
5640
5637
5634
5634
5634
5633
5632
5631
5631
5631
5626
5625
5625
5623
5623
5621
5620
5620
5620
5619
5615
5615
5615
5614
5614
5613
5612
5610
5609
5609
5609
5609
5607
5607
5606
5605
5604
5603
5603
5602
5602
5602
5601
5601
5600
5598
5598
5597
5597
5597
5596
5596
5596
5595
5595
5593
5592
5591
5587
5583
5581
5581
5579
5578
5578
5578
5577
5577
5577
5575
5574
5574
5573
5572
5571
5571
5570
5570
5570
5569
5568
5567
5564
5564
5563
5562
5562
5561
5561
5560
5560
5557
5557
5556
5554
5552
5551
5550
5548
5548
5548
5548
5547
5545
5542
5542
5541
5541
5541
5539
5534
5533
5533
5528
5528
5526
5525
5524
5523
5523
5522
5521
5517
5516
5515
5514
5512
5511
5511
5510
5510
5509
5509
5509
5508
5507
5507
5505
5504
5504
5504
5502
5501
5501
5498
5497
5496
5494
5494
5493
5493
5492
5492
5492
5492
5491
5490
5489
5489
5489
5488
5484
5483
5482
5479
5478
5478
5477
5477
5476
5473
5473
5472
5471
5471
5469
5468
5467
5465
5462
5461
5460
5459
5459
5458
5457
5457
5457
5456
5453
5453
5452
5451
5451
5450
5449
5449
5449
5449
5448
5448
5447
5446
5445
5444
5443
5443
5440
5439
5437
5435
5435
5431
5429
5428
5427
5426
5425
5425
5423
5422
5421
5421
5421
5420
5420
5420
5417
5416
5415
5414
5414
5414
5413
5411
5410
5409
5408
5408
5407
5407
5407
5406
5405
5404
5404
5403
5401
5401
5400
5398
5398
5397
5394
5392
5391
5391
5391
5390
5389
5388
5387
5387
5384
5383
5383
5382
5381
5380
5380
5380
5378
5378
5377
5376
5376
5376
5376
5374
5374
5373
5373
5373
5373
5372
5372
5372
5371
5371
5370
5370
5368
5367
5367
5367
5366
5365
5361
5359
5358
5358
5358
5357
5355
5354
5353
5349
5348
5347
5347
5342
5341
5341
5339
5338
5337
5337
5336
5335
5334
5334
5334
5332
5331
5329
5324
5323
5323
5322
5321
5320
5319
5319
5318
5317
5317
5315
5315
5313
5312
5310
5308
5307
5305
5304
5302
5302
5302
5299
5297
5296
5294
5294
5291
5288
5287
5285
5285
5283
5282
5279
5278
5277
5276
5275
5274
5273
5273
5273
5272
5272
5271
5270
5270
5270
5270
5267
5266
5265
5264
5264
5263
5262
5262
5260
5259
5259
5258
5257
5255
5254
5253
5252
5252
5250
5250
5250
5249
5249
5249
5247
5247
5247
5245
5244
5243
5242
5241
5240
5240
5240
5239
5239
5238
5236
5236
5236
5235
5235
5234
5232
5232
5232
5231
5228
5227
5227
5226
5226
5224
5221
5221
5220
5219
5217
5217
5215
5215
5214
5213
5213
5213
5210
5207
5204
5204
5204
5202
5202
5202
5202
5202
5201
5201
5200
5200
5200
5199
5198
5198
5198
5197
5196
5195
5194
5194
5192
5192
5192
5192
5192
5192
5191
5191
5190
5190
5189
5189
5189
5187
5187
5185
5184
5183
5181
5181
5181
5178
5176
5174
5173
5169
5168
5167
5167
5166
5165
5165
5165
5164
5164
5164
5163
5163
5162
5161
5160
5160
5157
5157
5156
5153
5153
5152
5151
5151
5151
5150
5150
5147
5147
5146
5146
5145
5145
5143
5143
5143
5143
5142
5142
5142
5141
5141
5140
5140
5139
5135
5135
5132
5132
5132
5131
5130
5130
5130
5127
5127
5126
5126
5125
5125
5124
5123
5123
5122
5119
5119
5116
5115
5114
5114
5112
5111
5109
5108
5108
5106
5105
5105
5104
5104
5103
5102
5102
5100
5100
5099
5097
5096
5096
5092
5091
5090
5089
5089
5085
5085
5084
5084
5082
5081
5080
5080
5079
5079
5079
5078
5078
5078
5077
5077
5075
5075
5075
5075
5074
5074
5073
5073
5073
5072
5071
5070
5070
5069
5069
5068
5068
5068
5067
5066
5065
5065
5063
5063
5062
5062
5061
5061
5060
5058
5058
5057
5057
5056
5056
5054
5053
5053
5053
5051
5050
5050
5050
5048
5048
5046
5046
5046
5044
5044
5043
5043
5042
5040
5038
5038
5037
5036
5036
5036
5036
5033
5032
5032
5030
5029
5029
5029
5027
5027
5027
5027
5027
5026
5024
5023
5023
5023
5023
5022
5022
5022
5022
5021
5021
5020
5020
5019
5019
5017
5017
5017
5016
5015
5014
5014
5013
5012
5012
5011
5011
5010
5010
5009
5009
5008
5007
5007
5006
5004
5004
5003
5002
5002
4999
4999
4998
4997
4996
4995
4994
4992
4992
4991
4990
4990
4988
4988
4987
4987
4986
4984
4983
4983
4982
4982
4982
4981
4980
4980
4979
4978
4976
4976
4975
4974
4974
4973
4972
4971
4971
4971
4969
4968
4967
4965
4964
4964
4963
4963
4962
4961
4960
4959
4959
4958
4958
4957
4956
4956
4954
4953
4952
4952
4951
4948
4948
4947
4947
4945
4945
4944
4944
4943
4943
4943
4942
4942
4942
4941
4941
4940
4939
4938
4938
4937
4937
4936
4936
4935
4933
4933
4933
4932
4931
4930
4929
4928
4928
4926
4926
4923
4921
4920
4920
4920
4918
4917
4916
4915
4910
4910
4909
4908
4907
4907
4907
4906
4906
4906
4905
4904
4904
4902
4902
4902
4900
4900
4899
4899
4899
4899
4898
4896
4895
4895
4895
4894
4894
4893
4893
4892
4892
4891
4891
4890
4890
4887
4886
4883
4883
4881
4881
4880
4876
4873
4873
4873
4872
4871
4870
4870
4870
4870
4869
4868
4868
4866
4866
4866
4864
4862
4861
4860
4860
4860
4859
4857
4857
4856
4856
4856
4856
4855
4855
4854
4853
4852
4852
4851
4851
4850
4848
4848
4843
4842
4842
4839
4838
4837
4836
4835
4833
4833
4832
4832
4832
4832
4831
4831
4831
4831
4831
4831
4830
4829
4827
4827
4824
4824
4822
4821
4819
4818
4818
4816
4814
4813
4812
4810
4810
4809
4809
4808
4808
4808
4806
4805
4805
4803
4801
4801
4800
4800
4799
4797
4797
4797
4797
4794
4794
4794
4793
4793
4793
4793
4793
4792
4791
4791
4790
4789
4789
4789
4787
4787
4786
4786
4785
4785
4785
4784
4783
4783
4781
4781
4781
4780
4780
4777
4777
4774
4770
4769
4768
4768
4767
4766
4766
4766
4766
4765
4764
4764
4763
4763
4761
4761
4759
4759
4759
4759
4757
4757
4757
4754
4754
4753
4753
4753
4752
4752
4751
4750
4750
4749
4749
4748
4748
4748
4747
4747
4745
4744
4744
4743
4742
4741
4741
4740
4740
4740
4739
4739
4739
4739
4736
4734
4734
4733
4733
4732
4731
4730
4729
4727
4726
4726
4725
4723
4723
4723
4723
4722
4721
4719
4719
4719
4718
4718
4717
4717
4715
4715
4714
4714
4709
4708
4708
4708
4707
4705
4705
4703
4703
4701
4698
4698
4697
4697
4697
4695
4694
4694
4691
4690
4690
4689
4688
4688
4687
4685
4684
4684
4683
4682
4680
4680
4679
4677
4676
4675
4675
4673
4673
4673
4672
4672
4671
4671
4669
4669
4669
4668
4667
4667
4666
4665
4665
4664
4662
4661
4661
4661
4658
4657
4657
4655
4652
4652
4651
4651
4651
4650
4650
4650
4649
4649
4648
4647
4646
4645
4645
4644
4644
4643
4643
4641
4641
4641
4640
4640
4640
4639
4638
4637
4633
4632
4630
4630
4630
4629
4629
4628
4628
4627
4626
4626
4625
4625
4624
4624
4620
4620
4620
4620
4619
4619
4618
4618
4617
4617
4616
4616
4616
4616
4616
4614
4614
4614
4613
4611
4610
4610
4609
4609
4606
4606
4604
4604
4603
4603
4602
4601
4600
4599
4599
4598
4598
4598
4597
4597
4597
4596
4596
4595
4595
4595
4594
4594
4593
4592
4592
4591
4590
4588
4587
4586
4585
4584
4583
4583
4583
4582
4581
4581
4581
4580
4579
4578
4576
4575
4575
4574
4574
4573
4572
4572
4572
4572
4572
4570
4569
4569
4568
4565
4563
4563
4561
4560
4558
4557
4557
4557
4557
4556
4556
4556
4556
4554
4554
4553
4552
4552
4550
4549
4549
4548
4548
4547
4546
4546
4546
4545
4544
4542
4542
4541
4540
4540
4539
4539
4538
4538
4538
4537
4537
4537
4536
4536
4535
4535
4535
4535
4531
4528
4528
4526
4526
4526
4525
4525
4524
4524
4522
4522
4521
4521
4520
4520
4520
4519
4515
4515
4514
4514
4512
4511
4511
4511
4510
4510
4509
4507
4506
4505
4505
4505
4505
4504
4504
4502
4502
4501
4500
4499
4498
4497
4497
4496
4496
4495
4495
4494
4494
4493
4492
4492
4492
4491
4491
4490
4490
4490
4489
4489
4489
4487
4485
4485
4485
4483
4482
4482
4481
4481
4481
4480
4480
4480
4480
4479
4479
4478
4477
4477
4477
4476
4476
4476
4475
4475
4474
4473
4473
4472
4472
4472
4472
4472
4470
4470
4469
4469
4467
4467
4467
4467
4466
4466
4465
4465
4464
4464
4464
4463
4463
4462
4462
4462
4461
4461
4460
4460
4459
4456
4456
4455
4455
4455
4454
4453
4453
4452
4451
4451
4450
4447
4446
4446
4446
4445
4445
4445
4444
4443
4443
4443
4442
4441
4440
4440
4439
4439
4438
4438
4437
4437
4437
4436
4435
4435
4435
4434
4434
4434
4434
4432
4432
4432
4430
4430
4430
4429
4428
4427
4427
4427
4427
4426
4424
4424
4424
4423
4423
4422
4422
4422
4422
4420
4420
4419
4418
4418
4418
4417
4417
4416
4415
4415
4415
4414
4414
4412
4412
4411
4410
4410
4410
4409
4407
4406
4405
4405
4405
4405
4403
4400
4399
4397
4397
4396
4395
4395
4394
4394
4394
4394
4393
4392
4392
4392
4391
4391
4388
4387
4386
4384
4383
4383
4383
4382
4382
4382
4381
4381
4380
4377
4377
4376
4376
4376
4376
4376
4375
4375
4374
4372
4371
4371
4371
4371
4371
4371
4370
4370
4370
4369
4369
4369
4369
4369
4369
4368
4368
4368
4368
4367
4367
4367
4366
4365
4365
4364
4363
4363
4362
4361
4360
4358
4357
4356
4355
4355
4354
4354
4353
4349
4349
4348
4346
4346
4346
4345
4344
4343
4343
4343
4343
4342
4342
4341
4341
4340
4340
4339
4339
4338
4337
4337
4335
4334
4333
4332
4332
4332
4332
4330
4329
4327
4326
4326
4325
4324
4324
4324
4324
4322
4322
4321
4320
4320
4319
4319
4319
4318
4318
4317
4316
4316
4314
4314
4313
4313
4313
4312
4311
4309
4308
4307
4306
4305
4305
4304
4303
4302
4302
4302
4301
4300
4300
4299
4299
4299
4298
4298
4298
4298
4297
4297
4296
4296
4296
4296
4296
4295
4295
4294
4294
4294
4294
4294
4293
4293
4292
4292
4291
4291
4290
4290
4288
4288
4288
4287
4287
4286
4286
4286
4286
4286
4285
4285
4283
4283
4282
4281
4281
4280
4279
4279
4278
4278
4276
4276
4276
4276
4275
4275
4275
4275
4274
4273
4273
4271
4271
4271
4270
4270
4269
4269
4269
4268
4268
4267
4266
4266
4266
4265
4265
4265
4263
4263
4263
4262
4262
4262
4261
4260
4258
4257
4257
4256
4256
4255
4255
4254
4254
4253
4252
4251
4250
4250
4250
4249
4249
4248
4248
4248
4248
4247
4247
4247
4247
4247
4247
4246
4246
4246
4245
4245
4244
4242
4242
4240
4240
4239
4237
4237
4237
4236
4235
4234
4234
4234
4234
4233
4233
4233
4232
4231
4231
4231
4228
4228
4228
4227
4226
4225
4224
4222
4222
4222
4220
4219
4219
4219
4217
4216
4216
4215
4213
4212
4212
4212
4211
4211
4211
4211
4210
4210
4210
4210
4209
4208
4206
4205
4203
4203
4203
4203
4203
4202
4202
4202
4201
4200
4200
4199
4198
4198
4198
4196
4196
4195
4195
4194
4193
4191
4190
4190
4190
4189
4188
4188
4187
4186
4186
4186
4185
4185
4185
4185
4185
4184
4184
4184
4183
4183
4183
4182
4182
4181
4181
4180
4179
4179
4178
4178
4177
4177
4176
4174
4173
4173
4173
4173
4172
4170
4169
4169
4169
4168
4168
4166
4166
4166
4165
4165
4164
4164
4163
4162
4161
4161
4161
4159
4159
4158
4158
4157
4157
4156
4156
4155
4155
4154
4153
4152
4151
4149
4149
4149
4149
4148
4148
4148
4147
4146
4146
4145
4143
4143
4142
4141
4141
4140
4140
4140
4139
4139
4139
4138
4137
4137
4136
4135
4135
4135
4134
4133
4133
4132
4132
4131
4130
4130
4130
4129
4127
4127
4127
4126
4126
4125
4124
4123
4123
4122
4122
4122
4121
4121
4121
4121
4119
4117
4117
4117
4116
4116
4115
4114
4114
4113
4113
4112
4112
4111
4111
4110
4110
4110
4108
4106
4106
4106
4106
4106
4105
4104
4104
4104
4104
4103
4102
4102
4101
4100
4100
4099
4098
4098
4097
4097
4096
4095
4094
4091
4091
4091
4089
4089
4088
4088
4088
4087
4087
4087
4086
4085
4084
4084
4083
4083
4082
4082
4081
4081
4081
4080
4079
4079
4078
4077
4076
4076
4076
4075
4075
4074
4073
4073
4072
4071
4071
4071
4071
4071
4069
4069
4067
4067
4067
4067
4066
4066
4066
4066
4065
4065
4065
4064
4063
4063
4063
4062
4062
4062
4061
4060
4060
4059
4056
4056
4055
4055
4055
4054
4054
4054
4053
4053
4053
4053
4053
4052
4052
4052
4052
4051
4050
4049
4049
4049
4049
4049
4048
4048
4047
4047
4046
4045
4045
4043
4043
4042
4041
4041
4041
4040
4040
4039
4038
4037
4036
4036
4035
4035
4034
4033
4033
4033
4032
4032
4031
4031
4030
4030
4030
4030
4029
4029
4028
4028
4027
4027
4026
4026
4026
4026
4025
4025
4024
4024
4023
4023
4021
4019
4019
4017
4017
4017
4016
4016
4016
4015
4014
4013
4013
4013
4013
4012
4011
4011
4010
4010
4009
4009
4007
4007
4007
4007
4006
4006
4006
4006
4005
4005
4004
4004
4003
4002
4002
4001
4001
4000
4000
3999
3999
3999
3998
3998
3997
3997
3997
3997
3997
3996
3995
3995
3994
3994
3994
3993
3993
3993
3993
3992
3991
3990
3990
3990
3989
3989
3989
3988
3988
3988
3988
3988
3988
3986
3986
3985
3984
3984
3983
3983
3982
3982
3982
3981
3981
3981
3980
3980
3980
3979
3979
3978
3978
3978
3978
3978
3978
3977
3976
3976
3975
3975
3975
3974
3973
3973
3972
3972
3972
3972
3971
3971
3970
3969
3969
3969
3968
3966
3963
3962
3962
3962
3962
3961
3961
3961
3961
3961
3961
3959
3958
3958
3957
3957
3957
3957
3956
3956
3955
3955
3955
3954
3953
3952
3952
3952
3951
3951
3951
3950
3950
3950
3949
3949
3949
3949
3949
3948
3946
3946
3946
3946
3946
3945
3945
3945
3945
3945
3944
3944
3943
3943
3940
3940
3940
3938
3938
3938
3938
3938
3937
3937
3937
3936
3934
3934
3934
3933
3933
3932
3932
3931
3931
3931
3930
3930
3930
3929
3928
3927
3926
3925
3925
3925
3925
3925
3925
3925
3924
3924
3923
3923
3922
3921
3919
3919
3919
3919
3917
3916
3916
3915
3914
3913
3913
3911
3911
3910
3910
3910
3910
3909
3909
3909
3908
3908
3907
3907
3907
3906
3905
3905
3904
3904
3904
3904
3903
3902
3902
3902
3900
3900
3900
3900
3899
3898
3898
3898
3897
3897
3897
3897
3896
3896
3896
3895
3894
3894
3893
3892
3892
3891
3891
3891
3891
3890
3890
3890
3889
3888
3888
3888
3887
3886
3886
3886
3885
3885
3884
3884
3883
3883
3883
3881
3881
3881
3880
3880
3876
3875
3875
3874
3874
3871
3870
3870
3870
3869
3869
3868
3868
3868
3868
3868
3868
3867
3867
3866
3866
3866
3866
3866
3866
3865
3864
3864
3862
3862
3862
3861
3861
3860
3860
3860
3860
3860
3859
3858
3857
3856
3855
3853
3852
3852
3851
3851
3851
3850
3850
3849
3849
3848
3847
3847
3847
3847
3847
3846
3844
3842
3842
3841
3840
3840
3840
3839
3839
3839
3838
3837
3837
3837
3836
3836
3836
3835
3835
3835
3834
3834
3831
3830
3830
3829
3829
3828
3826
3825
3825
3825
3824
3823
3821
3821
3819
3819
3818
3817
3816
3816
3815
3814
3813
3813
3812
3812
3811
3811
3811
3811
3811
3810
3810
3809
3809
3809
3809
3809
3808
3808
3807
3807
3807
3806
3806
3804
3802
3802
3801
3801
3800
3800
3800
3799
3799
3799
3798
3798
3798
3797
3796
3795
3795
3795
3795
3794
3793
3793
3792
3790
3789
3789
3788
3788
3788
3788
3787
3787
3786
3785
3785
3784
3784
3784
3784
3784
3783
3783
3783
3783
3783
3783
3782
3782
3781
3781
3780
3780
3779
3778
3778
3777
3777
3777
3777
3776
3775
3775
3775
3774
3772
3772
3772
3771
3770
3770
3770
3770
3769
3768
3766
3766
3766
3765
3765
3765
3765
3765
3765
3765
3764
3764
3764
3763
3763
3763
3762
3761
3760
3760
3760
3759
3759
3757
3757
3757
3757
3757
3756
3756
3756
3756
3754
3753
3753
3753
3753
3752
3750
3750
3750
3749
3749
3749
3748
3747
3747
3746
3746
3745
3745
3744
3744
3743
3743
3743
3743
3742
3741
3739
3738
3738
3738
3735
3735
3735
3734
3734
3734
3734
3734
3733
3733
3733
3733
3733
3731
3731
3731
3731
3730
3730
3730
3729
3729
3728
3728
3728
3727
3726
3726
3726
3726
3725
3724
3724
3724
3722
3722
3721
3721
3721
3721
3721
3721
3721
3720
3720
3720
3719
3719
3719
3719
3717
3717
3716
3716
3716
3715
3715
3715
3715
3715
3713
3712
3712
3711
3709
3709
3709
3708
3708
3708
3707
3707
3706
3705
3705
3705
3704
3704
3704
3703
3703
3702
3702
3701
3701
3701
3701
3700
3700
3699
3699
3699
3698
3698
3698
3698
3698
3698
3698
3697
3696
3696
3696
3694
3694
3692
3692
3691
3691
3690
3690
3690
3690
3690
3689
3688
3688
3688
3688
3687
3685
3684
3684
3684
3683
3682
3682
3682
3682
3681
3681
3681
3680
3680
3680
3679
3679
3679
3678
3678
3678
3678
3677
3677
3675
3675
3675
3675
3675
3675
3673
3673
3673
3672
3671
3671
3671
3670
3669
3668
3668
3667
3667
3667
3665
3665
3665
3664
3664
3664
3663
3663
3662
3662
3661
3661
3661
3661
3660
3660
3660
3659
3659
3659
3659
3658
3657
3657
3657
3657
3657
3656
3656
3655
3655
3654
3654
3652
3651
3651
3650
3649
3648
3648
3647
3647
3647
3647
3647
3647
3647
3646
3645
3645
3644
3644
3644
3642
3641
3641
3641
3641
3641
3640
3640
3640
3639
3639
3638
3638
3637
3637
3636
3635
3634
3633
3633
3633
3632
3632
3632
3632
3632
3631
3630
3629
3628
3628
3628
3628
3628
3628
3626
3626
3626
3626
3625
3625
3624
3624
3623
3623
3623
3622
3622
3622
3622
3621
3621
3621
3621
3621
3620
3620
3620
3620
3620
3619
3619
3619
3619
3619
3619
3618
3618
3617
3617
3617
3616
3616
3616
3615
3614
3613
3613
3613
3613
3612
3612
3612
3611
3611
3611
3611
3610
3610
3609
3609
3608
3608
3607
3607
3607
3606
3606
3606
3604
3603
3603
3603
3603
3603
3603
3602
3602
3602
3601
3601
3601
3599
3599
3599
3598
3598
3598
3598
3598
3597
3597
3596
3596
3595
3595
3594
3594
3593
3593
3593
3591
3591
3590
3589
3589
3589
3589
3588
3588
3586
3586
3585
3584
3583
3583
3582
3581
3581
3580
3580
3579
3579
3579
3578
3577
3577
3576
3576
3575
3575
3575
3575
3574
3574
3574
3573
3573
3573
3572
3572
3570
3569
3569
3569
3568
3567
3567
3567
3566
3566
3566
3566
3566
3566
3566
3566
3565
3565
3564
3564
3564
3563
3563
3562
3562
3562
3562
3561
3561
3561
3561
3560
3559
3559
3558
3558
3558
3558
3557
3557
3557
3557
3557
3556
3556
3556
3555
3555
3555
3555
3554
3554
3553
3553
3553
3552
3551
3551
3551
3550
3550
3550
3550
3549
3549
3548
3548
3548
3548
3547
3547
3546
3546
3546
3546
3546
3546
3545
3544
3544
3544
3544
3544
3543
3543
3543
3543
3541
3541
3541
3541
3540
3540
3540
3539
3539
3538
3537
3537
3536
3535
3535
3535
3534
3534
3533
3533
3532
3531
3531
3531
3531
3530
3530
3529
3529
3528
3528
3528
3528
3527
3527
3526
3526
3526
3525
3524
3523
3523
3523
3522
3522
3521
3521
3520
3519
3519
3519
3518
3518
3517
3517
3517
3517
3517
3516
3516
3514
3514
3514
3514
3513
3513
3513
3513
3513
3511
3511
3510
3510
3510
3510
3510
3509
3508
3508
3507
3507
3506
3505
3503
3503
3503
3503
3503
3502
3502
3501
3501
3500
3500
3499
3499
3498
3498
3497
3497
3497
3497
3496
3495
3494
3494
3494
3493
3493
3493
3492
3492
3491
3491
3491
3490
3490
3490
3489
3489
3489
3489
3488
3488
3488
3487
3487
3487
3487
3486
3486
3486
3485
3485
3485
3484
3483
3483
3483
3483
3482
3482
3481
3480
3480
3480
3479
3479
3479
3478
3478
3477
3477
3475
3475
3475
3475
3473
3472
3472
3472
3472
3471
3470
3470
3470
3469
3468
3468
3468
3467
3467
3467
3466
3466
3465
3465
3465
3465
3465
3464
3463
3461
3460
3459
3459
3459
3459
3458
3458
3457
3456
3455
3455
3455
3454
3454
3454
3454
3453
3452
3452
3452
3452
3452
3451
3451
3451
3450
3449
3449
3448
3447
3447
3447
3447
3447
3447
3447
3447
3446
3446
3446
3446
3446
3445
3445
3445
3444
3444
3443
3443
3443
3443
3442
3441
3441
3440
3440
3440
3440
3439
3438
3438
3438
3437
3437
3437
3436
3434
3434
3434
3434
3433
3432
3432
3432
3432
3432
3432
3431
3431
3430
3429
3429
3429
3429
3428
3428
3428
3428
3428
3428
3427
3427
3427
3427
3427
3427
3427
3426
3425
3425
3424
3424
3423
3423
3423
3423
3422
3422
3421
3421
3421
3420
3420
3420
3419
3419
3417
3416
3416
3415
3415
3414
3414
3414
3414
3413
3413
3413
3412
3411
3410
3410
3409
3408
3407
3407
3407
3406
3405
3405
3405
3404
3403
3402
3402
3402
3402
3402
3402
3401
3401
3400
3400
3399
3399
3399
3398
3398
3398
3397
3397
3396
3396
3396
3395
3395
3394
3394
3394
3393
3393
3393
3393
3393
3392
3392
3391
3391
3391
3391
3389
3389
3388
3388
3387
3387
3387
3387
3385
3385
3384
3383
3383
3382
3382
3382
3381
3379
3379
3379
3378
3378
3378
3378
3378
3377
3377
3377
3377
3377
3376
3374
3373
3372
3372
3371
3371
3371
3370
3370
3370
3370
3369
3369
3369
3369
3368
3368
3367
3367
3367
3366
3366
3365
3365
3364
3364
3364
3363
3363
3363
3362
3362
3362
3362
3362
3361
3361
3361
3361
3360
3359
3359
3359
3359
3359
3358
3358
3358
3358
3357
3357
3355
3355
3354
3354
3354
3354
3354
3354
3354
3354
3353
3353
3353
3352
3352
3352
3352
3351
3351
3351
3350
3350
3349
3349
3349
3349
3349
3349
3348
3348
3347
3347
3346
3345
3344
3344
3344
3343
3343
3343
3343
3343
3342
3342
3342
3342
3342
3341
3341
3341
3341
3340
3339
3339
3339
3339
3339
3338
3338
3338
3337
3336
3336
3335
3335
3335
3335
3335
3332
3332
3332
3332
3332
3332
3332
3331
3331
3331
3331
3330
3330
3330
3330
3329
3329
3328
3328
3327
3326
3325
3325
3325
3325
3325
3325
3325
3324
3324
3324
3324
3324
3324
3323
3322
3322
3322
3322
3322
3321
3321
3321
3320
3319
3319
3318
3318
3318
3317
3317
3317
3316
3316
3316
3316
3316
3316
3315
3315
3315
3314
3314
3314
3313
3312
3312
3311
3309
3309
3308
3308
3307
3307
3307
3305
3305
3305
3304
3304
3304
3303
3303
3303
3303
3303
3303
3302
3301
3301
3301
3300
3300
3300
3299
3299
3298
3298
3296
3296
3296
3296
3296
3296
3296
3296
3295
3295
3294
3294
3294
3294
3293
3292
3292
3292
3291
3291
3291
3291
3290
3290
3290
3290
3289
3289
3287
3287
3287
3286
3285
3285
3285
3285
3285
3284
3284
3283
3283
3283
3282
3282
3282
3281
3281
3280
3280
3280
3280
3279
3279
3279
3278
3278
3277
3277
3277
3276
3275
3275
3274
3274
3274
3274
3274
3274
3273
3273
3272
3272
3272
3272
3271
3270
3268
3267
3266
3266
3266
3266
3265
3265
3264
3264
3264
3263
3263
3263
3262
3262
3261
3261
3261
3260
3260
3260
3260
3260
3259
3259
3259
3259
3259
3258
3257
3257
3257
3257
3256
3256
3256
3256
3255
3255
3255
3254
3254
3253
3253
3253
3252
3251
3251
3251
3250
3250
3250
3249
3248
3248
3248
3248
3248
3247
3246
3246
3245
3245
3245
3244
3244
3244
3244
3243
3243
3243
3242
3242
3242
3242
3242
3241
3241
3241
3241
3240
3240
3240
3240
3240
3238
3238
3238
3237
3237
3237
3236
3236
3236
3236
3235
3235
3235
3235
3235
3234
3234
3234
3234
3234
3233
3233
3232
3232
3232
3231
3231
3231
3230
3230
3230
3230
3229
3229
3229
3228
3228
3228
3228
3227
3227
3227
3227
3227
3227
3226
3226
3226
3226
3226
3226
3224
3224
3224
3224
3223
3223
3222
3222
3221
3221
3220
3220
3220
3219
3218
3218
3218
3217
3216
3216
3214
3214
3214
3213
3213
3212
3212
3211
3211
3211
3210
3209
3209
3208
3208
3207
3207
3206
3206
3205
3205
3204
3204
3204
3204
3204
3203
3202
3201
3201
3201
3200
3199
3199
3199
3198
3198
3198
3197
3197
3196
3196
3196
3195
3195
3195
3194
3194
3194
3194
3192
3192
3191
3191
3190
3189
3189
3189
3189
3188
3188
3187
3187
3187
3187
3187
3187
3187
3187
3186
3186
3185
3185
3185
3184
3184
3184
3183
3183
3183
3182
3182
3181
3181
3181
3181
3180
3180
3180
3180
3180
3179
3179
3178
3178
3178
3178
3177
3177
3177
3177
3176
3176
3176
3176
3176
3176
3175
3174
3174
3174
3174
3173
3172
3172
3172
3171
3171
3171
3171
3170
3170
3169
3168
3168
3168
3168
3168
3168
3167
3167
3167
3167
3167
3167
3166
3166
3166
3165
3165
3165
3165
3164
3164
3164
3163
3163
3163
3162
3162
3161
3161
3160
3160
3160
3159
3159
3159
3159
3159
3159
3159
3158
3157
3157
3157
3157
3157
3156
3155
3155
3155
3154
3154
3154
3153
3152
3152
3152
3151
3151
3151
3151
3150
3150
3150
3150
3149
3149
3147
3146
3145
3145
3145
3145
3145
3145
3144
3144
3144
3144
3144
3143
3143
3140
3140
3140
3140
3140
3139
3139
3139
3139
3138
3137
3137
3136
3136
3135
3134
3134
3134
3133
3133
3133
3132
3132
3131
3130
3130
3129
3129
3129
3129
3129
3129
3129
3128
3128
3128
3128
3128
3127
3127
3126
3125
3124
3124
3123
3123
3123
3122
3122
3122
3122
3122
3121
3121
3121
3120
3120
3120
3119
3119
3118
3117
3116
3116
3115
3115
3115
3114
3114
3114
3113
3113
3113
3112
3112
3111
3110
3110
3110
3110
3109
3109
3109
3108
3108
3108
3107
3107
3107
3107
3106
3106
3106
3105
3105
3104
3103
3103
3103
3103
3102
3102
3102
3102
3102
3101
3101
3101
3100
3100
3100
3100
3099
3099
3099
3098
3098
3098
3098
3098
3098
3097
3096
3095
3095
3095
3095
3094
3094
3093
3093
3092
3091
3091
3090
3089
3089
3089
3088
3088
3087
3087
3086
3084
3084
3084
3084
3084
3084
3084
3083
3083
3083
3083
3082
3081
3080
3080
3080
3079
3079
3079
3079
3078
3078
3076
3076
3075
3074
3074
3073
3072
3071
3071
3070
3070
3069
3069
3069
3068
3067
3067
3066
3066
3066
3066
3065
3065
3065
3064
3064
3063
3063
3063
3062
3062
3061
3061
3061
3061
3061
3060
3060
3060
3059
3058
3058
3058
3058
3058
3058
3057
3057
3057
3057
3057
3055
3054
3054
3054
3054
3053
3053
3053
3053
3052
3052
3052
3052
3052
3051
3051
3051
3051
3051
3050
3050
3050
3049
3049
3048
3048
3048
3047
3047
3047
3046
3045
3045
3045
3045
3044
3044
3044
3044
3043
3042
3042
3042
3041
3041
3041
3041
3040
3040
3039
3039
3039
3038
3038
3038
3038
3038
3037
3037
3036
3036
3036
3035
3035
3035
3035
3034
3034
3034
3034
3034
3033
3033
3032
3032
3032
3032
3032
3032
3032
3030
3030
3030
3030
3030
3030
3029
3029
3029
3029
3029
3029
3028
3028
3027
3027
3026
3026
3026
3026
3025
3025
3025
3025
3025
3025
3024
3023
3023
3022
3022
3022
3022
3021
3021
3020
3020
3020
3020
3019
3019
3019
3018
3017
3016
3016
3015
3015
3015
3015
3014
3014
3014
3013
3013
3013
3013
3013
3012
3011
3010
3010
3010
3010
3009
3009
3009
3009
3008
3007
3007
3007
3006
3006
3006
3006
3006
3006
3005
3005
3005
3004
3004
3004
3004
3004
3004
3004
3004
3002
3002
3002
3002
3001
3001
3001
3001
3000
3000
3000
3000
3000
2999
2998
2998
2996
2996
2996
2996
2996
2996
2995
2995
2995
2994
2994
2994
2994
2994
2994
2994
2994
2993
2992
2991
2991
2991
2991
2991
2990
2989
2989
2988
2988
2987
2987
2987
2985
2985
2984
2984
2984
2984
2984
2984
2983
2981
2981
2981
2981
2981
2981
2981
2981
2981
2980
2979
2979
2979
2979
2978
2978
2978
2978
2978
2977
2977
2977
2977
2976
2976
2976
2975
2974
2974
2974
2974
2973
2973
2973
2972
2972
2971
2971
2971
2970
2970
2969
2969
2969
2968
2967
2967
2967
2966
2966
2966
2966
2965
2965
2965
2965
2965
2965
2965
2964
2964
2963
2962
2962
2962
2962
2962
2962
2961
2961
2961
2961
2960
2960
2960
2960
2959
2959
2959
2959
2959
2959
2958
2958
2957
2956
2956
2955
2955
2955
2955
2954
2954
2953
2953
2952
2952
2951
2951
2951
2950
2950
2949
2949
2949
2949
2948
2948
2947
2947
2947
2946
2946
2945
2945
2944
2944
2944
2944
2944
2944
2944
2943
2943
2943
2943
2942
2941
2941
2941
2940
2940
2939
2939
2939
2939
2939
2939
2939
2938
2938
2938
2937
2936
2936
2936
2936
2936
2935
2935
2935
2934
2934
2934
2933
2933
2933
2932
2932
2932
2932
2931
2930
2930
2930
2930
2930
2929
2929
2929
2929
2928
2928
2928
2928
2928
2928
2928
2927
2927
2926
2926
2926
2926
2925
2925
2924
2924
2924
2923
2923
2923
2923
2923
2922
2922
2922
2921
2921
2919
2919
2919
2919
2919
2919
2918
2917
2917
2917
2917
2916
2916
2916
2916
2915
2915
2915
2915
2914
2914
2913
2913
2913
2913
2912
2912
2912
2911
2911
2911
2910
2910
2910
2910
2909
2909
2909
2909
2909
2908
2908
2908
2908
2908
2907
2907
2906
2906
2905
2905
2904
2904
2903
2903
2902
2902
2902
2901
2901
2900
2900
2900
2900
2900
2899
2899
2898
2898
2898
2898
2897
2897
2896
2896
2896
2895
2895
2895
2893
2893
2891
2891
2891
2891
2891
2891
2890
2890
2890
2890
2890
2890
2888
2888
2888
2888
2888
2888
2888
2888
2887
2887
2887
2886
2886
2886
2886
2885
2884
2883
2883
2883
2883
2882
2882
2882
2882
2881
2880
2880
2880
2880
2880
2880
2880
2880
2880
2879
2879
2878
2878
2876
2876
2876
2876
2876
2876
2876
2876
2875
2875
2875
2875
2874
2874
2874
2874
2874
2874
2873
2873
2872
2872
2872
2872
2871
2871
2871
2871
2871
2870
2869
2868
2868
2868
2867
2866
2866
2866
2866
2866
2865
2865
2865
2865
2865
2864
2864
2864
2864
2864
2864
2864
2863
2863
2862
2862
2862
2862
2861
2861
2861
2860
2860
2860
2860
2860
2859
2859
2859
2858
2858
2858
2858
2857
2857
2857
2856
2856
2856
2856
2856
2856
2855
2855
2855
2855
2855
2854
2854
2854
2853
2853
2853
2853
2853
2853
2852
2852
2851
2851
2850
2850
2850
2849
2849
2849
2848
2848
2848
2848
2848
2848
2848
2848
2847
2847
2847
2847
2846
2846
2846
2846
2845
2845
2845
2845
2845
2844
2844
2844
2844
2843
2843
2843
2843
2843
2843
2842
2842
2841
2841
2841
2840
2839
2839
2839
2839
2839
2839
2837
2837
2837
2837
2837
2837
2836
2836
2836
2836
2835
2835
2835
2835
2835
2835
2835
2835
2834
2834
2834
2834
2834
2834
2834
2833
2832
2832
2832
2832
2832
2832
2831
2831
2831
2831
2830
2830
2830
2830
2830
2830
2829
2829
2828
2828
2827
2827
2827
2827
2827
2827
2826
2826
2826
2826
2825
2825
2825
2824
2824
2824
2824
2823
2823
2822
2822
2822
2822
2822
2821
2821
2821
2821
2821
2820
2820
2820
2819
2818
2818
2818
2817
2817
2817
2817
2816
2816
2815
2815
2815
2814
2813
2812
2812
2812
2811
2811
2810
2810
2810
2810
2810
2809
2809
2809
2808
2808
2808
2808
2808
2807
2807
2806
2806
2806
2806
2806
2805
2805
2805
2805
2804
2803
2803
2803
2803
2803
2803
2802
2801
2801
2801
2801
2801
2800
2800
2800
2800
2799
2799
2799
2799
2798
2798
2798
2798
2798
2798
2798
2798
2798
2797
2797
2797
2797
2797
2797
2797
2796
2796
2796
2796
2794
2794
2794
2792
2792
2792
2791
2791
2791
2790
2790
2790
2789
2789
2789
2788
2788
2788
2788
2787
2787
2787
2786
2786
2785
2785
2785
2785
2784
2784
2784
2784
2784
2784
2783
2783
2783
2782
2782
2782
2782
2781
2781
2781
2781
2780
2780
2780
2780
2779
2779
2779
2779
2778
2778
2778
2778
2777
2777
2777
2777
2776
2776
2776
2776
2775
2775
2774
2774
2774
2774
2774
2774
2773
2773
2773
2773
2772
2772
2771
2771
2771
2771
2771
2771
2770
2770
2770
2770
2770
2769
2769
2769
2768
2768
2767
2767
2767
2766
2766
2765
2765
2765
2764
2763
2763
2763
2762
2762
2761
2761
2761
2761
2760
2760
2760
2759
2758
2757
2757
2757
2757
2757
2756
2756
2756
2756
2755
2754
2754
2754
2754
2754
2754
2753
2753
2752
2752
2752
2751
2751
2751
2751
2751
2750
2749
2749
2749
2748
2748
2748
2747
2747
2747
2747
2747
2746
2746
2746
2746
2746
2746
2746
2745
2745
2745
2745
2745
2744
2744
2744
2744
2744
2744
2744
2744
2742
2742
2742
2742
2741
2741
2741
2741
2741
2740
2740
2739
2739
2738
2738
2737
2737
2737
2736
2736
2736
2736
2736
2736
2736
2735
2735
2735
2734
2734
2734
2734
2733
2733
2733
2733
2733
2733
2732
2731
2731
2731
2731
2731
2731
2730
2730
2730
2730
2730
2730
2730
2730
2729
2728
2728
2728
2728
2728
2728
2728
2727
2727
2727
2727
2727
2727
2726
2726
2726
2726
2726
2725
2725
2724
2724
2724
2723
2723
2723
2723
2722
2722
2722
2722
2722
2722
2722
2721
2721
2720
2720
2720
2720
2719
2719
2718
2718
2718
2718
2718
2717
2717
2717
2717
2717
2717
2717
2716
2716
2716
2714
2714
2714
2713
2713
2712
2712
2711
2711
2710
2710
2710
2708
2708
2708
2708
2708
2707
2707
2707
2707
2706
2706
2706
2705
2705
2705
2705
2705
2705
2704
2703
2702
2702
2702
2701
2701
2701
2701
2701
2700
2700
2699
2699
2699
2699
2699
2699
2698
2697
2697
2696
2696
2696
2696
2696
2696
2696
2695
2695
2695
2694
2694
2694
2694
2694
2693
2693
2693
2692
2692
2692
2692
2692
2691
2691
2691
2690
2690
2689
2689
2688
2688
2688
2688
2687
2687
2686
2686
2685
2683
2683
2683
2683
2683
2683
2682
2682
2682
2682
2682
2681
2681
2681
2681
2681
2680
2680
2680
2680
2680
2679
2679
2678
2678
2677
2677
2677
2677
2677
2677
2676
2676
2676
2676
2676
2675
2675
2675
2674
2674
2674
2674
2673
2673
2673
2673
2673
2673
2672
2672
2672
2672
2672
2671
2670
2670
2669
2669
2669
2669
2669
2668
2668
2668
2668
2668
2667
2667
2666
2666
2666
2665
2665
2665
2665
2664
2664
2664
2663
2663
2662
2662
2662
2662
2661
2661
2661
2661
2660
2660
2660
2659
2659
2659
2658
2658
2658
2658
2658
2658
2658
2658
2658
2657
2657
2657
2657
2656
2656
2656
2656
2656
2655
2655
2655
2655
2655
2655
2655
2655
2654
2654
2654
2653
2653
2653
2651
2651
2651
2651
2650
2650
2650
2649
2649
2649
2649
2649
2649
2648
2648
2648
2647
2647
2647
2646
2646
2646
2646
2645
2645
2645
2645
2645
2645
2645
2645
2645
2644
2644
2644
2644
2643
2643
2643
2643
2643
2642
2642
2642
2642
2642
2642
2642
2642
2641
2641
2640
2640
2640
2639
2639
2639
2639
2638
2638
2638
2637
2637
2636
2636
2636
2636
2635
2635
2635
2635
2635
2635
2635
2635
2634
2634
2634
2633
2633
2633
2633
2632
2632
2632
2632
2632
2631
2631
2631
2631
2631
2631
2630
2630
2630
2630
2630
2629
2629
2629
2629
2628
2628
2628
2627
2627
2626
2626
2626
2625
2625
2625
2625
2625
2625
2624
2624
2623
2623
2623
2622
2622
2622
2622
2621
2621
2620
2620
2620
2620
2620
2620
2619
2619
2619
2619
2618
2618
2618
2618
2617
2617
2617
2617
2617
2617
2617
2616
2616
2616
2615
2615
2614
2614
2614
2614
2614
2614
2614
2613
2613
2613
2613
2612
2611
2611
2611
2611
2611
2610
2609
2609
2609
2609
2609
2609
2609
2608
2608
2608
2607
2607
2607
2607
2607
2607
2606
2605
2605
2605
2605
2605
2604
2604
2604
2603
2602
2602
2602
2602
2602
2602
2602
2602
2601
2601
2601
2601
2600
2600
2599
2599
2599
2599
2598
2598
2598
2597
2597
2597
2597
2597
2596
2596
2596
2596
2596
2596
2596
2596
2595
2595
2595
2594
2594
2593
2593
2593
2593
2593
2592
2592
2591
2591
2591
2591
2591
2591
2591
2591
2590
2590
2589
2589
2588
2588
2588
2588
2588
2588
2588
2587
2587
2587
2587
2587
2587
2587
2586
2586
2586
2586
2586
2585
2585
2585
2585
2585
2584
2584
2584
2584
2584
2584
2584
2583
2583
2583
2583
2583
2583
2583
2583
2583
2583
2582
2581
2581
2581
2581
2581
2581
2580
2579
2579
2578
2578
2578
2578
2578
2578
2578
2577
2577
2577
2577
2576
2576
2576
2576
2575
2575
2575
2574
2574
2573
2573
2573
2573
2573
2573
2573
2572
2572
2572
2572
2571
2570
2570
2570
2569
2569
2569
2569
2568
2568
2568
2567
2567
2567
2567
2567
2567
2566
2566
2566
2566
2565
2565
2565
2565
2565
2565
2564
2564
2564
2563
2563
2563
2562
2562
2562
2562
2561
2561
2560
2560
2560
2560
2560
2560
2560
2560
2559
2559
2559
2558
2558
2558
2558
2557
2557
2557
2557
2557
2556
2556
2556
2556
2556
2556
2556
2555
2555
2554
2554
2553
2553
2553
2553
2553
2553
2552
2552
2552
2552
2552
2551
2551
2551
2550
2550
2550
2550
2549
2548
2548
2548
2548
2547
2547
2547
2547
2547
2547
2547
2547
2547
2546
2546
2546
2545
2545
2545
2544
2544
2544
2544
2544
2544
2544
2543
2543
2543
2543
2543
2542
2542
2540
2540
2540
2540
2539
2539
2539
2539
2539
2538
2538
2538
2537
2537
2537
2537
2537
2537
2536
2536
2536
2536
2536
2535
2535
2535
2535
2535
2535
2534
2534
2534
2533
2533
2533
2533
2533
2533
2533
2532
2532
2532
2531
2531
2531
2531
2531
2530
2530
2530
2530
2530
2529
2529
2529
2529
2529
2528
2528
2528
2528
2527
2527
2527
2527
2527
2527
2526
2526
2525
2525
2524
2524
2524
2523
2523
2523
2523
2522
2522
2522
2522
2522
2521
2521
2521
2521
2520
2520
2520
2519
2519
2519
2519
2518
2518
2518
2518
2518
2518
2518
2517
2517
2517
2516
2516
2516
2516
2515
2515
2515
2514
2514
2514
2514
2514
2513
2513
2513
2513
2512
2512
2512
2512
2512
2511
2511
2511
2511
2510
2510
2510
2510
2510
2509
2509
2509
2509
2509
2509
2508
2507
2507
2507
2507
2507
2507
2506
2506
2506
2506
2505
2505
2505
2505
2505
2505
2504
2504
2504
2504
2504
2503
2503
2503
2503
2503
2503
2502
2502
2502
2501
2501
2501
2501
2500
2500
2500
2499
2499
2499
2499
2499
2499
2499
2499
2499
2499
2498
2498
2498
2498
2497
2497
2497
2497
2497
2496
2496
2495
2495
2495
2495
2494
2494
2494
2493
2493
2493
2493
2493
2493
2493
2492
2492
2492
2492
2492
2492
2491
2491
2491
2491
2491
2490
2490
2490
2490
2489
2489
2488
2488
2488
2488
2488
2487
2487
2487
2487
2487
2487
2487
2486
2486
2486
2486
2486
2486
2486
2485
2485
2485
2484
2484
2484
2484
2484
2484
2484
2484
2484
2483
2483
2483
2483
2482
2482
2482
2482
2482
2481
2481
2481
2480
2480
2480
2480
2480
2480
2480
2479
2479
2479
2479
2478
2477
2477
2477
2477
2476
2476
2476
2475
2475
2475
2475
2474
2474
2474
2473
2473
2473
2472
2471
2471
2470
2470
2470
2470
2470
2470
2469
2469
2469
2467
2467
2467
2467
2466
2466
2466
2466
2466
2466
2466
2465
2465
2465
2465
2465
2464
2463
2463
2462
2462
2462
2462
2462
2462
2462
2462
2462
2461
2461
2461
2460
2460
2460
2459
2459
2459
2459
2459
2459
2459
2458
2458
2458
2458
2457
2457
2457
2457
2456
2456
2456
2455
2455
2455
2454
2454
2454
2454
2454
2454
2453
2453
2453
2453
2452
2452
2452
2452
2452
2452
2452
2451
2451
2451
2450
2450
2450
2450
2449
2449
2449
2448
2448
2448
2448
2448
2448
2448
2448
2447
2447
2447
2447
2447
2446
2446
2446
2446
2445
2445
2444
2444
2444
2443
2443
2443
2443
2443
2443
2442
2442
2442
2442
